[[       0]
 [   32768]
 [ 7864320]
 [   24576]
 [ 2113536]
 [  524288]
 [ 1572864]
 [ 1720320]
 [ 6275072]
 [ 4718592]
 [ 8388608]
 [16777216]
 [ 2097152]
 [ 4194304]
 [ 6291456]
 [14680064]
 [ 5783552]
 [ 1589248]
 [ 7880704]
 [ 2383872]
 [ 6817792]
 [   65536]
 [ 6643712]
 [ 1146880]
 [ 8232960]
 [ 1592832]
 [ 4833280]
 [ 5627904]
 [ 8916992]
 [62853120]
 [ 1052672]
 [12062720]
 [  131072]
 [ 6422528]
 [ 8011776]
 [  417792]
 [ 7503872]
 [ 7790592]
 [ 1499136]
 [ 1316864]
 [  196608]
 [ 2415104]
 [ 8077312]
 [ 2072576]
 [ 4964352]
 [ 7061504]
 [  770048]
 [ 7856128]
 [  794624]
 [ 4988928]
 [ 8200192]
 [ 6103040]
 [ 5054464]
 [  335872]
 [ 3612672]
 [  925696]
 [ 4595712]
 [ 7741440]
 [  262144]
 [ 1565184]
 [ 4743168]
 [ 3440640]
 [ 7634944]
 [   40960]
 [ 3761664]
 [ 7921664]
 [ 1630208]
 [ 3024896]
 [  327680]
 [ 8716288]
 [ 5316608]
 [ 8208384]
 [10485760]
 [17280000]
 [  106496]
 [ 7987200]
 [62730240]
 [  393216]
 [ 4587520]
 [ 3284992]
 [36631040]
 [ 3142144]
 [ 1044992]
 [ 8273920]
 [12582912]
 [  177152]
 [  172032]
 [ 3063808]
 [ 8052736]
 [ 3858432]
 [ 2832384]
 [  458752]
 [ 6750208]
 [ 3350528]
 [ 7544832]
 [ 1571328]
 [ 4145152]
 [ 8339456]
 [  745472]
 [ 7831552]
 [ 5734400]
 [  237568]
 [ 7323648]
 [ 1032192]
 [ 8118272]
 [ 7856640]
 [14664192]
 [     512]
 [   16384]
 [ 7356416]
 [  592384]
 [11010048]
 [34078720]
 [ 7946240]
 [   81920]
 [ 6373376]
 [ 2621440]
 [27787264]
 [13107200]
 [ 1318912]
 [ 6815744]
 [ 1605632]
 [ 8183808]
 [  589824]
 [ 6881280]
 [ 5578752]
 [ 7675904]
 [ 2465792]
 [ 8949248]
 [ 7454720]
 [ 8249344]
 [ 3624960]
 [  151552]
 [ 6946816]
 [ 4849664]
 [ 8131072]
 [  147456]
 [ 3003392]
 [ 8028160]
 [ 6217728]
 [ 4915200]
 [ 7012352]
 [  720896]
 [ 5709824]
 [ 7806976]
 [13638144]
 [  212992]
 [ 1007616]
 [ 3104768]
 [ 5201920]
 [ 3899392]
 [  499712]
 [ 6791168]
 [ 4694016]
 [13999616]
 [ 3391488]
 [  811008]
 [  286720]
 [  876544]
 [ 4022272]
 [  352256]
 [ 7168000]
 [ 8216576]
 [ 8282112]
 [ 4612096]
 [  483328]
 [ 7872512]
 [ 3678208]
 [  278528]
 [ 6569984]
 [  565248]
 [ 1359872]
 [ 3457024]
 [   57344]
 [ 7143424]
 [ 7938048]
 [   10752]
 [10168832]
 [  344064]
 [ 1138688]
 [ 8224768]
 [ 6922240]
 [  122880]
 [ 6414336]
 [   94208]
 [ 8003584]
 [ 5906432]
 [12595712]
 [  409600]
 [ 7495680]
 [ 8290304]
 [ 2793472]
 [ 8959488]
 [ 5685248]
 [ 7782400]
 [ 2285568]
 [  188416]
 [ 8069120]
 [ 6766592]
 [  475136]
 [ 1047552]
 [ 8355840]
 [ 4161536]
 [ 7847936]
 [ 1556480]
 [  253952]
 [ 6545408]
 [26215424]
 [ 2065408]
 [  557056]
 [ 5799936]
 [   68608]
 [   98304]
 [ 1048576]
 [ 7962624]
 [ 5865472]
 [36700160]
 [ 3145728]
 [ 5242880]
 [ 7340032]
 [15728640]
 [ 1843200]
 [13631488]
 [ 7626752]
 [ 1622016]
 [ 1908736]
 [46090752]
 [ 3497984]
 [ 6389760]
 [ 5754368]
 [ 3784704]
 [ 7979008]
 [ 8773632]
 [  102400]
 [ 7471104]
 [ 8265728]
 [  671744]
 [  163840]
 [  958464]
 [ 8377856]
 [ 8044544]
 [ 6742016]
 [  450560]
 [25663488]
 [ 7536640]
 [ 8331264]
 [ 7028736]
 [ 7823360]
 [ 5726208]
 [  229376]
 [ 2326528]
 [ 1024000]
 [ 8110080]
 [  516096]
 [  303104]
 [ 8167424]
 [ 6594560]
 [ 5545984]
 [  368640]
 [  892928]
 [ 8298496]
 [  434176]
 [ 2531328]
 [ 3579904]
 [ 3407872]
 [ 5505024]
 [ 1310720]
 [    8192]
 [43147776]
 [ 4997120]
 [  802816]
 [ 5791744]
 [ 7888896]
 [  294912]
 [ 6809088]
 [ 8175616]
 [ 6873088]
 [  581632]
 [ 3473408]
 [   73728]
 [ 7159808]
 [ 7954432]
 [44182528]
 [  360448]
 [ 3403264]
 [ 8241152]
 [  647168]
 [ 2744320]
 [ 1441792]
 [ 7733248]
 [  139264]
 [ 6430720]
 [10449408]
 [  933888]
 [ 8019968]
 [  425984]
 [ 3339776]
 [ 8306688]
 [ 5701632]
 [ 7798784]
 [ 3604480]
 [  204800]
 [ 7290880]
 [  491520]
 [ 1286144]
 [  523776]
 [ 8372224]
 [ 7069696]
 [ 6823424]
 [47711744]
 [ 7357952]
 [ 5244416]
 [  573440]
 [ 7913472]
 [   49152]
 [ 3719168]
 [ 2146304]
 [ 7389184]
 [  114688]
 [ 5767168]
 [22544384]
 [ 3670016]
 [12058624]
 [16252928]
 [  270336]
 [ 1064960]
 [52364800]
 [12060160]
 [ 1099776]
 [ 1638400]
 [ 7929856]
 [ 4530176]
 [ 4197888]
 [ 3149312]
 [ 2211840]
 [ 6406144]
 [ 7995392]
 [ 5898240]
 [ 1703936]
 [  401408]
 [ 1196032]
 [ 4087808]
 [23614464]
 [ 5677056]
 [ 1482752]
 [ 7774208]
 [  180224]
 [ 7266304]
 [  907264]
 [ 3866624]
 [ 8060928]
 [  466944]
 [ 7553024]
 [ 8347648]
 [26041344]
 [ 4947968]
 [ 7839744]
 [ 5742592]
 [50863616]
 [  245760]
 [14925824]
 [ 4440064]
 [  319488]
 [ 2940928]
 [ 5038080]
 [ 7659520]
 [ 2875392]
 [ 6152192]
 [ 7200768]
 [ 7725056]
 [  385024]
 [ 8314880]
 [ 2629632]
 [  532480]
 [ 7618560]
 [ 3424256]
 [ 1327104]
 [ 5521408]
 [ 6316032]
 [  819200]
 [ 7905280]
 [11740672]
 [  311296]
 [ 6602752]
 [ 7397376]
 [ 5300224]
 [ 3203072]
 [ 2615296]
 [ 8192000]
 [ 1900544]
 [  598016]
 [ 6889472]
 [  109056]
 [ 7684096]
 [ 2187264]
 [ 6381568]
 [  884736]
 [ 5079040]
 [ 7970816]
 [  376832]
 [ 4190208]
 [ 8257536]
 [ 6955008]
 [  663552]
 [13611520]
 [ 7749632]
 [ 5652480]
 [ 1458176]
 [  155648]
 [ 2252800]
 [  950272]
 [ 8036352]
 [ 1744896]
 [  442368]
 [ 2095104]
 [ 8323072]
 [  729088]
 [18332160]
 [ 7815168]
 [ 3620864]
 [ 5718016]
 [  221184]
 [37125120]
 [18906112]
 [ 1015808]
 [ 6004736]
 [ 7355904]
 [  507904]
 [ 2605056]]